diesel_max = [5660.4798964351085, 4713.50694780554, 4675.992176476462, 4667.555561368581, 4658.490167969307,
                  4039.437533301029, 3936.757760429382, 3896.400802688124, 3862.641229276157, 2769.1891844173897,
                  2594.887736879369, 2518.060845402818, 2451.906611888259, 2740.9251045537353, 2558.2647684877616,
                  2480.31478002967, 2419.369957417569]
    diesel_min = [4209.572700480878, 585.7126816954881, 433.31517031304213, 375.7288587856899, 324.1675041868724,
                  375.72850347936384, 264.96654268321333, 215.6466385588212, 178.5562902979011, 176.16760058177545,
                  109.65504310988253, 75.52865415462952, 58.37412940947038, 228.7910215923156, 155.74142478033437,
                  119.38850125605136, 88.16903570966946]
    diesel_std = [280.9525639169696, 796.0624679577357, 821.0625861329654, 832.1495688208815, 841.4012484165302,
                  686.9682429391488, 691.8546180094593, 695.0829720019101, 697.1275380646462, 499.7448387780508,
                  484.144625110183, 478.97972320687916, 474.12449829460445, 474.05929196276594, 461.00658511764846,
                  457.44558669187035, 454.19275430623367]
    diesel_mean = [5090.740814248144, 2311.667272251175, 2188.5041353251577, 2141.253372150787, 2100.9855215984003,
                   1762.789963528148, 1624.345782218431, 1567.5357907651219, 1518.260338483044, 1107.635640723245,
                   988.7616830668994, 934.9915119994558, 887.0004309011074, 1100.714716083865, 972.73473003891,
                   917.2214259636569, 868.0486374357281]